colonial_southern_kamal = {
	color = { 225 225 225 }

	# Random New World
	tax_income = 0
	native_size = 0
	native_ferocity = 0
	native_hostileness = 0
	
	trade_goods = {
	}
	
	culture = {
	}
	
	religion = {
	}

	provinces = {
	416 417 418 419 420 421 422 423 424 425 426 427 428 429 430
    431 432 433 434 435 436 437 438 439 440 441 442 443 444 445
    446 447 448 449 450 451 452 453 454 455 456 457 458 459 460
    461 462 463 464 465
	}
	
	names = {
		name = "COLONIAL_REGION_New_Root_GetName"
	}
}

colonial_northern_kamal = {
	color = { 20 50 210 }

	# Random New World
	tax_income = 0
	native_size = 0
	native_ferocity = 0
	native_hostileness = 0
	
	trade_goods = {
	}
	
	culture = {
	}
	
	religion = {
	}

	provinces = {
	466 467 468 469 470 471 472 473 474 476 477 478 479 480 481
	482 483 484 485 486 487 488 489 490 491 492 493 494 495 496
	497 498 499 500 501 502 503 504 505 506 507 508 509 510 511
	512 513 514 515 516 517 518 519 520 475
	}
	
	names = {
		name = "COLONIAL_REGION_New_Root_GetName"
	}
}

colonial_thousand_islands = {
	color = { 69 157 208 }

	# Random New World
	tax_income = 0
	native_size = 0
	native_ferocity = 0
	native_hostileness = 0
	
	trade_goods = {
	}
	
	culture = {
	}
	
	religion = {
	}

	provinces = {
	535 536 537 538 539 540 541 542 543 544 545 546 547 548 549
	550 551 552 553 554 555 556 557 558 559 560 561 562 563 564
	565 566 567 568 569 570 571 572 573 574 575 576 577 578 579
	580 581 582 583 584 585 586 587 588 589 590 591 592 593 594
	595 596 597 598 599 600 601 602 603 604
	1577 1578 1579 1580 1581 1582 1583 1584 1585 1586 1587 1588
    1589 1590 1591 1592 1593 1594 1595 1596 1597 1598 1599 1600
    1601 1602 1603 1604 1725 1726 1727 1728 1729 1730 1731 1732
	1733 1734 1735 1736 1737 1738 1739 1740 1741 1742 1743 1744
	1745 1746 1747 1748 1749 1750 1751 1752 1753 1754 1755 1756
	1757 1758 1759 1760 1761 1762 1763 1764 1765 1766
	}
	
	names = {
		name = "COLONIAL_REGION_New_Root_GetName"
	}
}

colonial_po_tun = {
	color = { 33 87 161 }

	# Random New World
	tax_income = 0
	native_size = 0
	native_ferocity = 0
	native_hostileness = 0
	
	trade_goods = {
	}
	
	culture = {
	}
	
	religion = {
	}

	provinces = {
	609 610 611 612 613 614 615 616 617 618 619 620 621 622 623
	624 625 626 627 628 629 630 631 632 633 634 635 636 637 638
	639 640 641 642 643 644 645 646 647 648 649 650 651 652 653
	654 655 656 657 658 659 660 661 662 663 664 665 666 667 668
	1665 1666 1667 1668 1669 1670 1671 1672 1673 1674 1675 1676
	1677 1678 1679 1680 1681 1682 1683 1684 1685 1686 1687 1688
	1689 1690 1691 1692 1693 1694 1695 1696 1697 1698 1699 1700
	1701 1702 1703 1704 1705 1706 1707 1708 1709 1710 1711 1712
	1713 1714 1715 1716 1717 1718 1719 1720 1721 1722 1723 1724
	}
	
	names = {
		name = "COLONIAL_REGION_New_Root_GetName"
	}
}

colonial_tsakara = {
	color = { 200 117 43 }

	# Random New World
	tax_income = 0
	native_size = 0
	native_ferocity = 0
	native_hostileness = 0
	
	trade_goods = {
	}
	
	culture = {
	}
	
	religion = {
	}

	provinces = {
	677 678 679 680 681 682 683 684 685 686 687 688 689 690 691
	692 693 694 695 696 697 698 699 700 701 702 703 704 705 706
	707 708 709 710 711 712 713 714 715 716 717 718 719 720 721
	722 723 724 725 726 727 728 729 730 731 732 733 734 735 736
	1605 1606 1607 1608 1609 1610 1611 1612 1613 1614 1615 1616
	1617 1618 1619 1620 1621 1622 1623 1624 1625 1626 1627 1628
	1629 1630 1631 1632 1633 1634 1635 1636 1637 1638 1639 1640
	1641 1642 1643 1644 1645 1646 1647 1648 1649 1650 1651 1652
	1653 1654 1655 1656 1657 1658 1659 1660 1661 1662 1663 1664
	}
	
	names = {
		name = "COLONIAL_REGION_New_Root_GetName"
	}
}

colonial_upper_tsakara = {
	color = { 231 181 12 }

	# Random New World
	tax_income = 0
	native_size = 0
	native_ferocity = 0
	native_hostileness = 0
	
	trade_goods = {
	}
	
	culture = {
	}
	
	religion = {
	}

	provinces = {
	737 738 739 740 741 742 743 744 745 746 747 748 749 750 751
	752 753 754 755 756 757 758 759 760 761 762 763 764 765 766
	767 768 769 770 771 772 773 774 775 776 777 778 779 780 781
	782 783 784 785 786 787 788 789 790 791 792 793 794 795 796
	797 798 799 800 801 802 803 804 805 806 807 808
	1767 1768 1769 1770 1771 1772 1773 1774 1775 1776 1777 1778
	1779 1780 1781 1782 1783 1784 1785 1786 1787 1788 1789 1790
	1791 1792 1793 1794 1795 1796 1797 1798 1799 1800 1801 1802
	1803 1804 1805 1806 1807 1808 1809 1810 1811 1812 1813 1814
	1815 1816 1817 1818 1819 1820 1821 1539 1540 1549 1550 1548
	1547 1546 1545 1544 1543 1542 1541
	}
	
	names = {
		name = "COLONIAL_REGION_New_Root_GetName"
	}
}