atmora_tn={
	location=3
	color={
		57 168 220 
	}
	outgoing={
		name="skyrim_tn"
		path={
			3 2 5 7 43 
		}
		control={
			1647.000000 2668.000000 1587.000000 2621.000000 1541.000000 2478.000000 1389.000000 2337.000000 1285.000000 2135.000000 
		}
	}
	outgoing={
		name="vvardefell_tn"
		path={
			3 6 9 46 1037 1040 1041 1043 48 
		}
		control={
			1732.000000 2611.000000 1836.000000 2466.000000 1802.000000 2238.000000 1872.000000 2087.000000 1881.000000 2023.000000 1916.000000 1986.000000 1913.000000 1948.000000 1900.000000 1914.000000 1886.000000 1856.000000 1874.000000 1814.000000 1857.000000 1793.000000 
		}
	}
	outgoing={
		name="upper_tn"
		path={
			3 10 13 34 36 38 39 40 184 761 759 757 753 749 745 676 
		}
		control={
			1742.000000 2675.000000 1801.439941 2631.560059 1924.000000 2610.000000 2023.000000 2556.000000 2301.000000 2473.000000 2592.000000 2371.000000 2775.000000 2378.000000 3061.000000 2351.000000 3410.000000 2307.000000 3614.000000 2127.000000 3808.000000 1950.000000 3709.000000 1809.000000 3734.000000 1701.000000 3793.000000 1661.000000 3837.000000 1670.000000 3867.000000 1659.000000 3884.000000 1625.000000 3894.000000 1597.000000 3915.000000 1575.000000 3911.000000 1561.000000 
		}
	}
	members={
		356 357 358 359 360 361 362 363 364 365 366 367 368 369 370 371 372 373 374 375 376 377 378 379 380 381 382 383 384 385 386 387 388 389 390 391 392 393 394 395 396 397 398 399 400 401 402 403 404 405 406 407 408 409 410 411 412 413 414 415 1 2 3 4 11 8 34 1535 1536 1537 1565 1566 1567 1568 1569 1570 1571 1572 1573 1574 1575 1576
	}
}
s_kamal_tn={
	location=166
	color={
		171 148 148 
	}
	outgoing={
		name="n_kamal_tn"
		path={
			166 429 428 476 481 482 485 493 494 
		}
		control={
			3311.000000 321.000000 3326.000000 323.000000 3349.000000 336.000000 3364.000000 363.000000 3359.000000 388.000000 3372.000000 405.000000 3389.000000 408.000000 3402.000000 415.000000 3412.000000 424.000000 3426.000000 433.000000 3457.000000 427.000000 3467.000000 445.000000 3496.000000 447.000000 
		}
	}
	outgoing={
		name="marsh_tn"
		path={
			166 165 143 119 118 116 200 1098 126 127 
		}
		control={
			3259.000000 335.000000 3207.000000 289.000000 3004.000000 336.000000 2716.000000 445.000000 2488.000000 565.000000 2334.000000 744.000000 2205.000000 910.000000 2067.000000 1028.000000 2015.000000 1109.000000 2005.000000 1124.000000 1997.000000 1130.000000 1979.000000 1143.000000 1967.000000 1159.000000 1966.000000 1185.000000 1966.000000 1197.000000 1969.000000 1208.000000 1970.000000 1230.000000 1959.000000 1252.000000 1947.000000 1260.000000 
		}
	}
	members={
		416 417 418 419 420 421 424 426 427 428 429 430 431 432 433 434 435 436 437 438 439 440 441 442 443 444 445 446 447 448 449 450 451 452 453 454 455 456 457 458 459 460 461 465 166 423 422 425 462 463 464 164 165 146 148 151 
	}
}
upper_tn={
	location=676
	color={
		32 164 51 
	}
	outgoing={
		name="tsakara_tn"
		path={
			676 738 737 734 732 731 728 724 
		}
		control={
			3862.070068 1524.969971 3811.000000 1502.000000 3785.000000 1484.000000 3759.000000 1470.000000 3732.000000 1415.000000 3718.000000 1405.000000 3716.000000 1384.000000 3702.000000 1375.000000 3702.000000 1349.000000 3653.000000 1338.000000 3632.000000 1327.000000 3613.000000 1326.000000 
		}
	}
	outgoing={
		name="po_tun_tn"
		path={
			676 742 666 663 662 661 660 658 657 630 633 629 
		}
		control={
			3916.000000 1526.000000 3928.000000 1523.000000 3927.000000 1514.000000 3916.000000 1501.000000 3912.000000 1490.000000 3905.000000 1475.000000 3886.000000 1447.000000 3869.000000 1437.000000 3863.000000 1421.000000 3838.000000 1405.000000 3814.000000 1370.000000 3797.000000 1345.000000 3773.000000 1329.000000 3760.000000 1299.000000 3739.000000 1275.000000 
		}
	}
	outgoing={
		name="yokuda_tn"
		path={
			160 77 
		}
		control={
			3980.000000 1579.000000 7.000000 1640.000000 21.000000 1671.000000 
		}
	}
	members={
		737 738 739 740 741 742 743 744 745 746 747 748 749 750 751 752 753 754 755 756 757 758 759 760 761 762 763 764 765 766 768 769 772 773 775 776 777 778 779 780 781 782 783 784 785 786 787 788 789 793 794 795 796 797 799 800 801 802 803 804 805 806 807 808 767 771 770 798 157 158 160 159 676 185 186 184 40 39 38 1538 1539 1540 1541 1542 1543 1544 1545 1546 1547 1548 1549 1550
	}
}
yokuda_tn={
	location=77
	color={
		41 82 45 
	}
	outgoing={
		name="high_rock_tn"
		path={
			77 78 61 55 
		}
		control={
			137.000000 1720.000000 159.000000 1722.000000 198.000000 1721.000000 244.000000 1725.000000 306.000000 1752.000000 369.000000 1740.000000 429.000000 1739.000000 500.000000 1742.000000 560.000000 1722.000000 591.000000 1742.000000 
		}
	}
	outgoing={
		name="hammerfell_tn"
		path={
			77 78 62 57 1502 1503 1504 1513 1479 1514 1515 1483 1482 1471 
		}
		control={
			140.000000 1687.000000 184.000000 1669.000000 233.000000 1640.000000 326.000000 1615.000000 434.000000 1587.000000 521.000000 1574.000000 599.000000 1584.000000 646.000000 1598.000000 677.000000 1610.000000 698.000000 1613.000000 715.000000 1627.000000 726.000000 1648.000000 741.000000 1663.000000 746.000000 1677.000000 760.000000 1682.000000 778.000000 1671.000000 799.000000 1673.000000 813.000000 1687.000000 819.000000 1703.000000 836.000000 1710.000000 857.000000 1717.000000 883.000000 1721.000000 899.000000 1737.000000 919.000000 1745.000000 938.000000 1745.000000 954.000000 1743.000000 
		}
	}
	members={
		285 273 286 318 319 320 321 322 323 324 325 326 327 328 329 330 331 332 333 334 335 336 337 338 339 340 341 342 343 344 345 346 347 348 349 350 351 352 353 354 355 77 75 76 78 79 80 
	}
}
high_rock_tn={
	location=55
	color={
		129 214 238 
	}
	outgoing={
		name="skyrim_tn"
		path={
			55 54 53 41 42 43 
		}
		control={
			577.000000 1758.000000 562.000000 1762.000000 551.000000 1776.000000 551.000000 1792.000000 553.000000 1812.000000 563.000000 1824.000000 578.000000 1837.000000 579.000000 1866.000000 578.000000 1894.000000 601.000000 1925.000000 664.000000 1985.000000 720.000000 2017.000000 820.000000 2060.000000 923.770020 2075.260010 1028.000000 2079.000000 1106.000000 2085.000000 1171.000000 2095.000000 1202.000000 2092.000000 1229.000000 2101.000000 1249.000000 2099.000000 1253.000000 2083.000000 1246.000000 2067.000000 
		}
	}
	outgoing={
		name="hammerfell_tn"
		path={
			55 1369 1372 1377 1378 1379 1380 1381 1432 1430 1428 1426 1486 1473 
		}
		control={
			600.000000 1760.000000 606.000000 1761.000000 616.000000 1763.000000 623.000000 1772.000000 623.000000 1779.000000 636.000000 1787.000000 645.000000 1797.000000 654.000000 1809.000000 669.000000 1819.000000 681.000000 1831.000000 694.000000 1844.000000 704.000000 1854.000000 720.000000 1863.000000 745.000000 1869.000000 761.000000 1868.000000 768.000000 1861.000000 781.000000 1859.000000 798.000000 1862.000000 814.000000 1868.000000 832.000000 1873.000000 853.000000 1871.000000 871.000000 1883.000000 889.000000 1889.000000 901.000000 1899.000000 914.000000 1893.000000 928.000000 1898.000000 941.000000 1889.000000 943.000000 1877.000000 948.000000 1863.000000 947.000000 1848.000000 940.000000 1835.000000 941.000000 1819.000000 938.000000 1809.000000 933.000000 1797.000000 938.000000 1786.000000 944.000000 1778.000000 951.000000 1765.000000 959.000000 1756.000000 970.000000 1749.000000 
		}
	}
	members={
		1368 1369 1370 1371 1372 1373 1374 1375 1376 1377 1378 1379 1380 1381 1382 1383 1384 1385 1386 1387 1388 1389 1390 1391 1392 1393 1394 1395 1396 1397 1398 1399 1400 1401 1402 1403 1404 1405 1406 1407 1408 1409 1410 1411 1412 1413 1414 1415 1416 1417 1418 1419 1420 1421 1422 1423 1424 1425 1426 1427 1428 1429 1430 1431 1432 55 56 54 53 41 91 61 62 63 57 92 58 59 
	}
}
skyrim_tn={
	location=43
	color={
		0 176 0 
	}
	outgoing={
		name="heartlands_tn"
		path={
			43 1342 1343 1349 1350 1327 1298 1294 1291 1183 1192 1193 1197 1206 
		}
		control={
			1236.000000 2047.000000 1232.000000 2042.000000 1231.000000 2039.000000 1228.000000 2033.000000 1222.000000 2026.000000 1215.000000 2014.000000 1205.000000 2005.000000 1196.000000 1991.000000 1195.000000 1979.000000 1202.000000 1963.000000 1208.000000 1950.000000 1216.000000 1935.000000 1227.000000 1914.000000 1242.000000 1867.000000 1233.000000 1824.000000 1267.000000 1797.000000 1281.000000 1783.000000 1285.000000 1769.000000 1297.000000 1748.000000 1308.000000 1735.000000 1326.000000 1715.000000 1343.000000 1693.000000 1360.000000 1689.000000 1374.000000 1686.000000 1387.000000 1674.000000 1408.000000 1650.000000 1420.000000 1636.000000 
		}
	}
	outgoing={
		name="hammerfell_tn"
		path={
			43 1342 1343 1362 1360 1357 1353 1355 1470 1468 1466 1465 1471 
		}
		control={
			1233.000000 2050.000000 1220.000000 2049.000000 1202.000000 2035.000000 1191.000000 2022.000000 1167.000000 2005.000000 1129.000000 1988.000000 1130.000000 1957.000000 1117.000000 1937.000000 1102.000000 1920.000000 1092.000000 1913.000000 1080.000000 1904.000000 1077.000000 1891.000000 1060.000000 1865.000000 1048.000000 1854.000000 1042.000000 1826.000000 1042.000000 1802.000000 1044.000000 1772.000000 1018.000000 1759.000000 1000.000000 1743.000000 980.000000 1735.000000 
		}
	}
	outgoing={
		name="vvardefell_tn"
		path={
			43 1334 1307 1306 1304 1303 1299 1276 1275 45 46 47 48 
		}
		control={
			1249.000000 2052.000000 1247.000000 2043.000000 1247.000000 2035.000000 1251.000000 2029.000000 1258.000000 2026.000000 1266.000000 2029.000000 1268.000000 2039.000000 1278.000000 2043.000000 1290.000000 2045.000000 1299.000000 2054.000000 1312.000000 2053.000000 1322.000000 2051.000000 1334.000000 2046.000000 1348.000000 2050.000000 1360.000000 2058.000000 1376.000000 2061.000000 1390.000000 2053.000000 1398.000000 2044.000000 1406.000000 2034.000000 1424.000000 2038.000000 1439.000000 2039.000000 1457.000000 2040.000000 1462.000000 2051.000000 1468.000000 2061.000000 1477.000000 2062.000000 1487.000000 2068.000000 1495.000000 2061.000000 1508.000000 2048.000000 1519.000000 2039.000000 1532.000000 2038.000000 1540.000000 2034.000000 1544.000000 2019.000000 1556.000000 2013.000000 1577.000000 2015.000000 1597.000000 2010.000000 1626.000000 2014.000000 1643.000000 2006.000000 1673.000000 1991.000000 1709.000000 1982.000000 1715.000000 1967.000000 1722.000000 1952.000000 1730.000000 1917.000000 1740.000000 1896.000000 1763.000000 1877.000000 1752.000000 1842.000000 1768.000000 1825.000000 1773.000000 1800.000000 1792.000000 1799.000000 1821.000000 1777.000000 1838.000000 1770.000000 
		}
	}
	members={
		1264 1265 1266 1267 1268 1269 1270 1271 1272 1273 1274 1275 1276 1277 1278 1279 1280 1281 1282 1283 1284 1285 1286 1287 1288 1289 1290 1291 1292 1293 1294 1295 1296 1297 1298 1299 1300 1301 1302 1303 1304 1305 1306 1307 1308 1309 1310 1311 1312 1313 1314 1315 1316 1317 1318 1319 1320 1321 1322 1323 1324 1325 1326 1327 1328 1329 1330 1331 1332 1333 1334 1335 1336 1337 1338 1339 1340 1341 1342 1343 1344 1345 1346 1347 1348 1349 1350 1351 1352 1353 1354 1355 1356 1357 1358 1359 1360 1361 1362 43 1363 42 44 45 
	}
}
vvardefell_tn={
	location=48
	color={
		84 152 93 
	}
	outgoing={
		name="morrowind_tn"
		path={
			48 984 1001 1003 1002 
		}
		control={
			1866.000000 1765.000000 1893.000000 1755.000000 1915.000000 1764.000000 1934.000000 1763.000000 1943.000000 1755.000000 1948.000000 1738.000000 1957.000000 1723.000000 1963.000000 1713.000000 1967.000000 1707.000000 1960.000000 1693.000000 1966.000000 1682.000000 1964.000000 1667.000000 
		}
	}
	members={
		949 950 951 952 953 954 955 956 957 958 959 960 961 962 963 1019 1020 1021 1022 1023 1024 1025 1026 1027 1028 1029 1030 1031 1032 1033 1034 1035 1036 1037 1038 1039 1040 1041 1042 1043 1044 1045 1046 1047 1048 1049 1050 1051 1052 1053 1062 46 208 206 207 204 47 48 49 50 51 52 
	}
}
hammerfell_tn={
	location=1471
	color={
		35 229 76
	}
	inland=yes
	outgoing={
		name="summerset_tn"
		path={
			59 1478 92 57 64 83 252 248 250 85 
		}
		control={
			959.000000 1735.000000 957.000000 1724.000000 948.000000 1716.000000 939.000000 1718.000000 929.000000 1709.000000 917.000000 1700.000000 899.000000 1688.000000 881.000000 1682.000000 873.000000 1673.000000 873.000000 1664.000000 878.000000 1657.000000 881.000000 1648.000000 882.000000 1635.000000 891.000000 1614.000000 892.000000 1595.000000 881.200012 1577.780029 842.000000 1550.000000 786.000000 1489.000000 720.000000 1423.000000 683.000000 1396.000000 650.000000 1392.000000 626.000000 1389.000000 591.000000 1386.000000 550.000000 1393.000000 520.000000 1390.000000 497.000000 1375.000000 499.000000 1358.000000 512.000000 1344.000000 518.000000 1322.000000 499.000000 1297.000000 476.000000 1274.000000 468.000000 1263.000000 471.000000 1251.000000 463.000000 1245.000000 452.000000 1242.000000 
		}
	}
	outgoing={
		name="colovia_tn"
		path={
			59 65 73 74 
		}
		control={
			966.000000 1734.000000 964.000000 1730.000000 963.000000 1724.000000 963.000000 1717.000000 957.000000 1707.000000 947.000000 1698.000000 954.000000 1683.000000 954.849976 1668.790039 961.000000 1656.000000 967.000000 1644.000000 977.000000 1623.000000 989.000000 1614.000000 1002.000000 1608.000000 1018.000000 1599.000000 1027.000000 1590.000000 1030.000000 1584.000000 1039.000000 1578.000000 1033.000000 1569.000000 1031.000000 1561.000000 1033.000000 1553.000000 1029.000000 1545.000000 1029.000000 1535.000000 1030.000000 1523.000000 1030.000000 1512.000000 1037.000000 1499.000000 1046.000000 1484.000000 
		}
	}
	members={
		1446 1447 1448 1449 1450 1451 1452 1453 1454 1455 1456 1457 1458 1459 1460 1461 1462 1463 1464 1465 1466 1467 1468 1469 1470 1471 1472 1473 1474 1475 1476 1477 1478 1479 1480 1481 1482 1483 1484 1485 1486 1487 1488 1489 1490 1491 1492 1493 1494 1495 1496 1497 1498 1499 1500 1501 1502 1503 1504 1505 1506 1507 1508 1509 1510 1511 1512 1513 1514 1515 
	}
}
n_kamal_tn={
	location=494
	color={
		236 162 19 
	}
	inland=yes
	outgoing={
		name="pyandonea_tn"
		path={
			494 501 500 513 514 517 151 152 133 98 104 103 100 
		}
		control={
			3531.000000 446.000000 3560.000000 459.000000 3591.000000 492.000000 3637.000000 494.000000 3677.000000 496.000000 3719.000000 513.000000 3846.000000 536.000000 4055.000000 561.000000 4303.270020 651.599976 391.209991 644.809998 576.000000 620.000000 716.000000 676.000000 749.169983 701.849976 767.000000 729.000000 808.000000 722.000000 846.000000 730.000000 
		}
	}
	outgoing={
		name="thousand_tn"
		path={
			494 498 497 496 168 169 
		}
		control={
			3509.000000 467.000000 3512.000000 482.000000 3525.000000 514.000000 3514.000000 548.000000 3542.000000 604.000000 3583.000000 666.000000 3605.000000 723.000000 3627.000000 745.000000 3620.000000 773.000000 
		}
	}
	members={
		467 468 469 470 471 472 474 476 477 478 479 480 481 482 483 484 485 486 487 488 489 490 491 492 493 494 495 496 497 498 499 500 501 502 503 504 505 506 507 508 509 510 511 512 513 514 515 516 517 518 519 520 466 473 475 
	}
}
pyandonea_tn={
	location=100
	color={
		63 150 30 
	}
	outgoing={
		name="summerset_tn"
		path={
			100 210 88 87 282 276 278 277 268 85 
		}
		control={
			806.000000 789.000000 703.000000 826.000000 662.000000 974.000000 588.000000 1051.000000 547.000000 1094.000000 521.000000 1120.000000 505.000000 1138.000000 492.000000 1162.000000 476.329987 1192.339966 
		}
	}
	outgoing={
		name="valenwood_tn"
		path={
			100 215 101 107 108 
		}
		control={
			871.000000 796.000000 888.000000 847.000000 941.000000 934.000000 1005.000000 1057.000000 
		}
	}
	outgoing={
		name="elsweyr_tn"
		path={
			100 224 222 220 228 102 109 111 929 928 926 941 943 
		}
		control={
			897.000000 768.000000 950.000000 784.000000 979.000000 805.000000 1016.000000 830.000000 1059.000000 858.000000 1120.000000 897.000000 1226.000000 979.000000 1363.000000 1086.000000 1401.000000 1138.000000 1410.000000 1167.000000 1416.000000 1210.000000 1428.000000 1260.000000 1442.000000 1292.000000 
		}
	}
	members={
		209 210 211 212 213 214 215 216 217 218 219 220 221 222 223 224 225 226 227 228 229 230 231 232 233 234 235 236 237 238 239 240 241 244 245 100 101 102 103 1551 1552 1553 1554 1555 1556 1557 1558 1559 1560 1561 1562 1563 1564
	}
}
thousand_tn={
	location=169
	color={
		241 13 61
	}
	outgoing={
		name="po_tun_tn"
		path={
			169 155 619 620 624 653 
		}
		control={
			3653.000000 833.000000 3661.000000 847.000000 3673.000000 855.000000 3692.000000 856.000000 3715.000000 852.000000 3733.000000 856.000000 3747.000000 866.000000 3770.000000 894.000000 3793.000000 959.000000 3804.000000 1090.000000 3779.000000 1134.000000 3766.000000 1165.000000 3762.000000 1199.000000 
		}
	}
	outgoing={
		name="tsakara_tn"
		path={
			169 176 174 173 679 681 692 694 714 716 719 720 724 
		}
		control={
			3624.000000 842.000000 3595.000000 830.000000 3573.000000 835.000000 3553.000000 846.000000 3552.850098 878.520020 3541.000000 909.000000 3521.000000 916.000000 3497.000000 935.000000 3469.000000 946.000000 3449.149902 958.489990 3419.000000 965.000000 3382.000000 974.000000 3365.000000 989.000000 3350.000000 1010.000000 3325.000000 1023.000000 3306.000000 1039.000000 3299.000000 1086.000000 3306.000000 1116.000000 3309.000000 1135.000000 3316.000000 1147.000000 3329.000000 1156.000000 3346.000000 1162.000000 3353.000000 1177.000000 3353.000000 1188.000000 3366.000000 1197.000000 3375.000000 1204.000000 3376.000000 1216.000000 3392.000000 1222.000000 3401.000000 1231.000000 3415.000000 1239.000000 3417.000000 1252.000000 3429.000000 1259.000000 3444.000000 1254.000000 3461.000000 1259.000000 3465.000000 1273.000000 3458.000000 1280.000000 3441.000000 1283.000000 3444.000000 1299.000000 3458.000000 1314.000000 3484.000000 1302.000000 3504.000000 1293.000000 3525.000000 1293.000000 3539.000000 1300.000000 3566.000000 1303.000000 3589.000000 1302.000000 
		}
	}
	members={
		535 536 537 538 539 540 541 542 543 544 545 546 547 548 549 550 551 552 553 554 555 556 557 558 559 560 561 562 563 564 565 566 567 568 569 570 571 572 573 574 575 576 577 578 579 580 581 582 583 584 585 586 587 588 589 590 591 592 593 594 595 596 597 598 599 600 601 602 603 604 168 153 155 176 175 177 172 173 174 1534 169 1577 1578 1579 1580 1581 1582 1583 1584 1585 1586 1587 1588 1589 1590 1591 1592 1593 1594 1595 1596 1597 1598 1599 1600 1601 1602 1603 1604
	}
}
po_tun_tn={
	location=629
	color={
		13 1 179
	}
	inland=yes
	outgoing={
		name="summerset_tn"
		path={
			629 628 654 622 157 93 94 84 85 
		}
		control={
			3758.000000 1255.000000 3778.000000 1265.000000 3810.000000 1307.000000 3841.000000 1281.000000 3879.000000 1284.000000 3956.000000 1250.000000 70.000000 1261.000000 229.000000 1220.000000 323.290009 1185.540039 373.000000 1214.000000 420.000000 1209.000000 434.000000 1217.000000 442.000000 1227.000000 
		}
	}
	outgoing={
		name="tsakara_tn"
		path={
			629 634 635 636 637 639 722 723 724 
		}
		control={
			3719.000000 1249.000000 3690.000000 1255.000000 3678.000000 1243.000000 3653.000000 1240.000000 3632.000000 1258.000000 3616.000000 1263.000000 3604.000000 1255.000000 3594.000000 1245.000000 3588.000000 1252.000000 3591.000000 1259.000000 3595.000000 1274.000000 3593.000000 1295.000000 3600.000000 1307.000000 3605.000000 1316.000000 
		}
	}
	members={
		609 610 611 612 613 614 615 616 617 618 619 620 621 622 623 624 625 626 627 628 629 630 631 632 633 634 635 636 637 638 639 640 641 642 643 644 645 646 647 648 649 650 651 652 653 654 655 656 657 658 659 660 661 662 663 664 665 666 667 668 
	}
}
tsakara_tn={
	location=724
	color={
		135 104 85 
	}
	inland=yes
	outgoing={
		name="marsh_tn"
		path={
			724 720 718 715 713 712 711 185 196 195 203 202 1106 127 
		}
		control={
			3588.000000 1318.000000 3561.000000 1325.000000 3530.000000 1320.000000 3505.000000 1314.000000 3486.000000 1332.000000 3467.000000 1328.000000 3458.000000 1347.000000 3447.000000 1354.000000 3428.000000 1340.000000 3407.000000 1331.000000 3383.000000 1328.000000 3269.000000 1313.000000 2975.050049 1293.229980 2615.000000 1252.000000 2297.000000 1252.000000 2102.479980 1273.160034 2043.000000 1257.000000 2009.000000 1257.000000 
		}
	}
	outgoing={
		name="morrowind_tn"
		path={
			724 721 186 185 193 192 194 205 204 1006 1005 1002 
		}
		control={
			3598.000000 1325.000000 3596.000000 1328.000000 3587.000000 1330.000000 3579.000000 1336.000000 3571.000000 1343.000000 3556.000000 1363.000000 3538.000000 1402.000000 3422.000000 1407.000000 3345.000000 1426.000000 3080.000000 1522.000000 2795.000000 1571.000000 2592.000000 1604.000000 2385.000000 1614.000000 2133.000000 1623.000000 2080.000000 1650.000000 2052.000000 1653.000000 2038.000000 1663.000000 2021.000000 1676.000000 2011.000000 1660.000000 1996.000000 1656.000000 1979.000000 1662.000000 
		}
	}
	members={
		677 678 679 680 681 682 683 684 685 686 687 688 689 690 691 692 693 694 695 696 697 698 699 700 701 702 703 704 705 706 707 708 709 710 711 712 713 714 715 716 717 718 719 720 721 722 723 724 725 726 727 728 729 730 731 732 733 734 735 736 
	}
}
morrowind_tn={
	location=1002
	color={
		215 56 56 
	}
	inland=yes
	outgoing={
		name="marsh_tn"
		path={
			1002 999 991 992 993 1068 1073 1076 1103 127 
		}
		control={
			1957.000000 1645.000000 1941.000000 1624.000000 1930.000000 1609.000000 1909.000000 1599.000000 1901.000000 1583.000000 1900.000000 1569.000000 1907.000000 1554.000000 1908.000000 1543.000000 1915.000000 1536.000000 1928.000000 1531.000000 1939.000000 1524.000000 1945.000000 1514.000000 1939.000000 1495.000000 1932.000000 1479.000000 1933.000000 1470.000000 1927.000000 1462.000000 1928.000000 1447.000000 1933.000000 1434.000000 1929.000000 1423.000000 1923.000000 1412.000000 1919.000000 1403.000000 1918.000000 1394.000000 1920.000000 1383.000000 1927.000000 1365.000000 1935.000000 1355.000000 1947.000000 1350.000000 1960.000000 1341.000000 1960.000000 1321.000000 1960.000000 1308.000000 1952.000000 1295.000000 1948.000000 1277.000000 
		}
	}
	outgoing={
		name="heartlands_tn"
		path={
			1002 1000 986 987 978 971 968 965 964 1217 1220 1200 1206 
		}
		control={
			1945.000000 1657.000000 1917.000000 1654.000000 1890.000000 1643.000000 1876.000000 1649.000000 1859.000000 1662.000000 1838.000000 1674.000000 1803.000000 1678.000000 1769.000000 1689.000000 1712.000000 1733.000000 1684.000000 1778.000000 1662.000000 1787.000000 1647.000000 1776.000000 1635.000000 1776.000000 1622.000000 1762.000000 1594.000000 1759.000000 1584.000000 1743.000000 1559.000000 1736.000000 1527.000000 1718.000000 1520.000000 1694.000000 1503.000000 1686.000000 1480.000000 1676.000000 1464.000000 1653.000000 1459.000000 1630.000000 1428.000000 1617.000000 
		}
	}
	members={
		964 965 966 967 968 969 970 971 972 973 974 975 976 977 978 979 980 981 982 983 984 985 986 987 988 989 990 991 992 993 994 995 996 997 998 999 1000 1001 1002 1003 1004 1005 1006 1007 1008 1009 1010 1011 1012 1013 1014 1015 1016 1017 1018 
	}
}
marsh_tn={
	location=127
	color={
		130 17 17 
	}
	outgoing={
		name="nibenay_tn"
		path={
			127 1096 1095 1111 1079 1081 1118 123 
		}
		control={
			1937.000000 1270.000000 1926.000000 1278.000000 1917.000000 1288.000000 1903.000000 1291.000000 1887.000000 1296.000000 1876.000000 1288.000000 1856.000000 1278.000000 1848.000000 1272.000000 1828.000000 1262.000000 1809.000000 1251.000000 1789.000000 1253.000000 1781.000000 1266.000000 1761.000000 1272.000000 1746.000000 1265.000000 1726.000000 1274.000000 1701.000000 1263.000000 1688.000000 1262.000000 1675.000000 1272.000000 1659.530029 1285.680054 1640.000000 1288.000000 1626.000000 1288.000000 1614.000000 1297.000000 1610.000000 1311.000000 1600.000000 1313.000000 
		}
	}
	members={
		1063 1064 1065 1066 1067 1068 1069 1070 1071 1073 1074 1075 1076 1077 1079 1081 1082 1083 1084 1085 1086 1087 1088 1089 1090 1091 1092 1093 1094 1095 1096 1097 1099 1100 1101 1102 199 200 202 126 127 130 132 128 131 129 1108 1107 1105 1103 1104 1106 1113 1098 1110 1109 1111 1112 1080 1078 1072 
	}
}
nibenay_tn={
	location=123
	color={
		204 119 31 
	}
	outgoing={
		name="heartlands_tn"
		path={
			123 1118 1119 1125 1231 1232 1211 1209 1203 1206 
		}
		control={
			1598.000000 1323.000000 1588.000000 1339.000000 1582.000000 1354.000000 1586.000000 1373.000000 1594.000000 1393.000000 1590.000000 1412.000000 1594.000000 1431.000000 1598.000000 1462.000000 1592.000000 1494.000000 1574.000000 1513.000000 1563.000000 1532.000000 1551.000000 1538.000000 1536.000000 1542.000000 1519.000000 1557.000000 1501.000000 1570.000000 1490.000000 1585.000000 1480.000000 1602.000000 1457.000000 1612.000000 
		}
	}
	outgoing={
		name="elsweyr_tn"
		path={
			123 1120 945 912 943 
		}
		control={
			1585.000000 1307.000000 1559.000000 1310.000000 1534.000000 1308.000000 1501.000000 1316.000000 1444.000000 1320.000000 
		}
	}
	members={
		1117 1118 1119 1120 1121 1122 1123 1124 1125 1126 1212 1213 1214 1215 1216 1217 1218 1219 1220 1221 1222 1223 1224 1225 1226 1227 1228 1229 1230 1231 1232 1233 1234 1235 1236 1237 1238 1239 1240 1241 1242 1243 1244 1245 1246 1247 1248 1249 1250 1251 1252 1253 1254 1255 1256 125 124 123 121 122 120 1207 1208 1209 1210 1211 
	}
}
elsweyr_tn={
	location=943
	color={
		202 150 172 
	}
	inland=yes
	outgoing={
		name="valenwood_tn"
		path={
			943 941 918 917 920 919 842 847 846 852 853 854 108 
		}
		control={
			1418.000000 1313.000000 1407.000000 1306.000000 1377.000000 1292.000000 1339.000000 1270.000000 1309.000000 1254.000000 1279.000000 1253.000000 1245.000000 1246.000000 1216.000000 1207.000000 1193.000000 1193.000000 1162.000000 1194.000000 1124.000000 1188.000000 1093.000000 1157.000000 
		}
	}
	outgoing={
		name="heartlands_tn"
		path={
			943 909 896 895 891 1129 1131 1133 125 1206 
		}
		control={
			1437.000000 1335.000000 1438.859985 1368.199951 1437.000000 1398.000000 1437.000000 1444.000000 1440.000000 1469.000000 1441.000000 1501.000000 1444.000000 1524.000000 1452.000000 1562.000000 1445.000000 1592.000000 
		}
	}
	members={
		884 885 886 887 888 889 890 891 892 893 894 895 896 897 898 899 900 901 902 903 904 905 906 907 908 909 910 911 912 913 914 915 916 917 918 919 920 921 922 923 924 925 926 927 928 929 930 931 932 933 934 935 936 937 938 939 940 941 942 943 944 945 946 947 948 
	}
}
colovia_tn={
	location=74
	color={
		200 200 102 
	}
	outgoing={
		name="valenwood_tn"
		path={
			822 869 872 871 879 881 863 108 
		}
		control={
			1007.000000 1413.000000 981.000000 1380.000000 985.000000 1350.000000 1009.000000 1327.000000 986.000000 1288.000000 964.000000 1239.000000 975.000000 1207.000000 
		}
	}
	outgoing={
		name="heartlands_tn"
		path={
			74 1158 1157 1151 1149 1148 1147 1176 1172 1189 1190 1191 1206 
		}
		control={
			1044.000000 1457.000000 1055.000000 1463.000000 1068.000000 1474.000000 1094.000000 1473.000000 1113.000000 1485.000000 1138.000000 1498.000000 1165.000000 1508.000000 1183.000000 1521.000000 1198.000000 1538.000000 1213.000000 1568.000000 1223.000000 1594.000000 1258.000000 1607.000000 1298.000000 1622.000000 1328.000000 1630.000000 1370.000000 1628.000000 1407.000000 1624.000000 
		}
	}
	members={
		1147 1148 1149 1150 1151 1152 1153 1154 1155 1156 1157 1158 1159 1160 1161 1162 1163 1164 1165 1166 1167 1168 1169 1170 1171 1172 1173 1174 1175 1176 1177 1178 1179 1180 1181 1182 1183 1184 1185 1186 1187 1188 1189 1190 1191 1192 1193 1194 1195 1196 65 73 74 70 71 72 66 67 68 69 
	}
}
valenwood_tn={
	location=108
	color={
		59 158 125 
	}
	outgoing={
		name="summerset_tn"
		path={
			108 106 303 306 89 265 264 262 261 85 
		}
		control={
			979.000000 1147.000000 867.000000 1192.000000 780.000000 1224.000000 731.000000 1226.000000 680.000000 1236.000000 624.000000 1242.000000 583.000000 1244.000000 539.000000 1251.000000 508.000000 1240.000000 469.000000 1232.000000 
		}
	}
	outgoing={
		name="heartlands_tn"
		path={
			108 857 856 836 834 835 832 827 826 817 815 814 1145 1144 1140 1139 1138 1137 125 1206 
		}
		control={
			1053.069946 1183.109985 1062.000000 1214.000000 1080.000000 1243.000000 1099.000000 1263.000000 1119.000000 1284.000000 1134.000000 1293.000000 1161.000000 1310.000000 1167.000000 1336.000000 1166.000000 1361.000000 1173.000000 1386.000000 1188.000000 1413.000000 1211.000000 1447.000000 1233.000000 1480.000000 1268.000000 1509.000000 1300.000000 1539.000000 1322.000000 1563.000000 1345.000000 1576.000000 1380.000000 1588.000000 1416.000000 1605.000000 
		}
	}
	members={
		809 810 811 812 813 814 815 816 817 818 819 820 821 822 823 824 825 826 827 828 829 830 831 832 833 834 835 836 837 838 839 840 841 842 843 844 845 846 847 848 849 850 851 852 853 854 855 856 857 858 859 860 861 862 863 864 865 866 867 868 869 870 871 872 873 874 875 876 877 878 879 880 881 882 883 105 106 107 108 110 111 
	}
}
summerset_tn={
	color={
		126 203 120 
	}
	location=85
	members={
		246 247 248 249 250 251 252 253 254 255 256 257 258 259 260 261 262 263 264 265 266 267 268 269 270 271 272 274 275 276 277 278 279 280 281 282 283 284 287 288 289 290 291 292 293 294 295 296 297 298 299 300 301 302 303 304 305 306 307 308 81 82 83 84 90 85 86 87 89 
	}
	end=yes
}
heartlands_tn={
	location=1206
	color={
		97 126 37 
	}
	inland=yes
	members={
		1127 1128 1129 1130 1131 1132 1133 1134 1135 1136 1137 1138 1139 1140 1141 1142 1143 1144 1145 1146 1197 1198 1199 1200 1201 1202 1203 1204 1205 1206 1257
	}
	end=yes
}
